system 0.12 0.34 -0.21 0.05 0.41 -0.18 0.22 0.09 -0.31 0.15 0.28 -0.07 0.19 0.33 -0.24 0.11
shall 0.08 0.29 0.15 -0.22 0.37 0.04 -0.18 0.26 0.13 0.31 -0.09 0.42 0.17 -0.14 0.35 0.06
respond 0.25 -0.11 0.38 0.19 -0.06 0.33 0.41 0.02 -0.27 0.14 0.22 0.08 0.36 -0.19 0.12 0.29
user 0.31 0.17 -0.08 0.44 0.09 0.26 -0.15 0.38 0.21 0.05 -0.33 0.19 0.12 0.41 -0.07 0.24
within 0.14 0.39 -0.12 0.27 0.18 -0.24 0.09 0.35 0.06 -0.21 0.43 0.11 0.28 0.02 0.37 -0.15
seconds 0.19 -0.26 0.44 0.08 0.32 0.15 -0.11 0.41 0.23 0.07 0.35 -0.18 0.14 0.29 0.05 -0.32
load 0.22 0.11 -0.35 0.19 0.06 0.41 0.28 -0.14 0.33 0.17 0.09 -0.22 0.38 0.04 0.25 0.13
password 0.38 0.05 -0.19 0.31 0.22 0.14 -0.27 0.41 0.08 0.36 -0.12 0.29 0.17 0.03 -0.34 0.21
reset 0.29 -0.14 0.36 0.12 0.41 0.07 -0.22 0.19 0.33 0.05 0.28 -0.31 0.14 0.38 0.09 -0.18
email 0.15 0.42 -0.08 0.33 0.11 0.26 0.19 -0.24 0.37 0.06 0.31 -0.15 0.22 0.09 0.44 -0.07
possible 0.11 0.28 0.19 -0.35 0.24 0.07 0.41 -0.12 0.16 0.33 0.05 -0.29 0.38 0.14 0.22 0.09
data 0.33 0.08 -0.21 0.44 0.12 0.27 -0.18 0.35 0.19 0.06 0.31 -0.24 0.09 0.41 0.15 -0.33
encrypt 0.27 -0.19 0.38 0.14 0.31 0.09 -0.26 0.22 0.41 0.05 0.18 -0.35 0.29 0.12 0.07 0.33
not 0.09 -0.41 0.22 0.17 -0.33 0.28 0.14 -0.19 0.36 0.05 -0.27 0.31 0.11 0.24 -0.38 0.19
allow 0.24 0.31 -0.06 0.39 0.15 0.22 0.08 -0.34 0.17 0.28 0.11 -0.19 0.33 0.06 0.41 0.12
support 0.19 0.35 0.07 -0.28 0.41 0.12 0.26 -0.15 0.33 0.09 0.22 0.38 -0.11 0.24 0.17 0.05
provide 0.31 0.14 -0.22 0.37 0.08 0.29 0.19 -0.11 0.25 0.33 0.06 -0.28 0.41 0.15 0.12 0.24
performance 0.28 -0.12 0.41 0.16 0.23 0.09 -0.31 0.35 0.14 0.27 -0.18 0.33 0.07 0.29 0.22 -0.15
log 0.15 0.38 0.11 -0.25 0.29 0.18 0.34 -0.09 0.22 0.41 0.05 -0.33 0.17 0.28 0.06 0.31
activity 0.22 0.17 0.33 -0.14 0.38 0.09 0.25 -0.28 0.11 0.31 0.19 -0.06 0.35 0.12 0.27 0.04
sensitive 0.35 0.06 -0.29 0.41 0.14 0.22 -0.18 0.33 0.09 0.28 0.17 -0.24 0.31 0.05 0.38 -0.12
storage 0.26 0.21 -0.15 0.32 0.38 0.11 0.19 -0.27 0.14 0.35 0.08 -0.31 0.22 0.29 0.16 0.07
audit 0.18 0.33 0.24 -0.11 0.29 0.17 0.08 -0.35 0.31 0.12 0.26 -0.19 0.38 0.06 0.22 0.14
notify 0.29 0.12 -0.26 0.35 0.19 0.08 0.41 -0.14 0.22 0.27 0.15 -0.33 0.31 0.09 0.18 0.24
security 0.33 0.19 -0.22 0.38 0.11 0.27 -0.15 0.41 0.08 0.29 0.14 -0.28 0.35 0.06 0.22 0.17
available 0.21 0.28 0.15 -0.31 0.34 0.12 0.26 -0.09 0.38 0.17 0.09 -0.24 0.29 0.33 0.11 0.19
language 0.24 0.15 0.31 -0.18 0.27 0.35 0.09 -0.22 0.19 0.38 0.12 -0.29 0.26 0.14 0.33 0.07
interface 0.17 0.41 -0.12 0.29 0.22 0.14 0.33 -0.19 0.28 0.09 0.35 -0.24 0.11 0.38 0.06 0.27
intuitive 0.31 0.08 -0.27 0.22 0.35 0.19 0.14 -0.33 0.26 0.11 0.29 -0.18 0.41 0.07 0.24 0.12
requests 0.28 0.14 -0.19 0.36 0.09 0.31 0.22 -0.25 0.17 0.33 0.11 -0.28 0.29 0.18 0.15 0.07
normal 0.19 0.26 0.12 -0.22 0.31 0.17 0.28 -0.14 0.24 0.09 0.35 -0.19 0.22 0.33 0.08 0.16
fast 0.22 0.31 -0.15 0.27 0.19 0.33 0.11 -0.28 0.35 0.14 0.26 -0.21 0.29 0.08 0.37 0.05
days 0.14 0.35 0.08 -0.29 0.26 0.19 0.31 -0.12 0.22 0.38 0.05 -0.24 0.33 0.17 0.11 0.28
immediately 0.27 0.11 -0.33 0.19 0.35 0.08 0.24 -0.28 0.31 0.16 0.22 -0.19 0.38 0.12 0.09 0.26
hours 0.18 0.29 0.22 -0.17 0.33 0.12 0.26 -0.24 0.19 0.35 0.09 -0.31 0.14 0.28 0.17 0.11
time 0.25 0.17 -0.24 0.31 0.22 0.28 -0.12 0.35 0.19 0.14 0.29 -0.18 0.33 0.09 0.26 0.08
percent 0.21 0.12 0.35 -0.28 0.19 0.31 0.08 -0.22 0.27 0.33 0.14 -0.19 0.29 0.24 0.11 0.17
